0 0 0 0 0 -0 0 -0 0 -0 -0 -0 -0 0 0 0 -0 0 0 0 0 -0 -0 -0 -0 -0 0 0 -0 -0
0 0.009122864963870195 -0.01013908069204275 0.009859739664894002 -0.01024047054477451 -0.01119924091637377 0.009690120970946835 0.01876199026647728 0.02275380243673141 0.03201649934393755 -0.02399367989161154 -0.02076446484226945 0.007487784693035082 -0.02332645363033517 0.05334261398208737 0.04803708907195366 -0.0574581733969391 0.03295798643533181 0.01217182971601589 -0.001842052022814473 0.003475533016687721 0.04043856822912646 0.01124282770487704 0.02687564571027084 0.1619414672505569 0.07559572033796333 0.08161959393803069 0.05163152362098396 0.006438456299283117 -0.07334053868904696
0 -0.01013908069204275 0.04373156452745968 -0.01343164291395221 0.03415422704171907 0.02188276253774268 -0.01503643598542935 -0.1026357501712149 -0.0380676780824633 0.01222337754680237 0.09833719528426602 0.03067958133988774 -0.01681629927790139 -0.02278581572226211 -0.1791376730337409 -0.0922305126810557 0.09134394688149811 0.02298383938332301 -0.143036189671567 -0.1212331752792759 0.01545706001177271 -0.1285475392098502 -0.08446963134787781 0.02850192445758967 -0.2617636980869713 -0.105331472510962 0.01391701993480806 0.006878707801902795 -0.006471919490766697 0.1759077970116496
0 0.009859739664894007 -0.01343164291395222 0.06875205975072159 -0.0417252039188591 -0.01675021030850732 0.08313965302676538 0.03746827190332939 0.03696318339079337 0.05216011187103623 -0.005270446995056753 -0.008227025903586252 -0.05745412606180708 -0.0557743848696045 -0.01681835212850594 0.009239165385179843 -0.1314626725689929 0.04615009766685565 -0.09583593968045834 -0.06837197093444193 0.09631069426136372 -0.06217942910923704 -0.0788015920996761 0.1437484697173844 0.1145366394077161 0.08534135562104797 0.04178964003807569 0.1965518977530591 -0.1692306902458472 -0.03713854680785696
0 -0.01024047054477451 0.03415422704171909 -0.0417252039188591 0.2063130671884811 0.04699720199082903 -0.05873306904863711 -0.1598566692525639 -0.05093716468508751 -0.01058749107089205 0.2715340587333645 0.232785388965074 -0.04712428730920139 0.1844252638073531 -0.08403134678908342 -0.08238032589577732 0.3337949198858275 -0.1173692124828622 0.329177719489274 0.1915120578085439 -0.2641421096094693 -0.1992478472627133 -0.1793443930483661 0.4183465281973606 -0.2075980428428128 -0.5974498215399202 0.198111228197433 -0.6357814108868407 0.1628510994703703 1.008756400726502
-0 -0.01119924091637376 0.02188276253774267 -0.01675021030850733 0.04699720199082902 0.2662666301882063 0.07603637032334463 -0.000983159203404402 -0.01307945374721292 -0.01987776372871183 0.07285653918169087 0.2271975307614046 -0.09137853685201142 -0.1161307451197244 -0.3531621727579223 -0.04625430274606136 0.1615383358894105 0.2291284557979787 -0.08675023715315741 -0.1288663424717109 -0.454199825811648 0.17859058377677 0.2906219132747127 0.02443955302490533 0.1387612336349018 -0.1973321919870517 -0.1541576899820172 -0.08027763539859406 0.4788012764510126 0.1742393113998328
0 0.009690120970946839 -0.01503643598542936 0.08313965302676533 -0.05873306904863712 0.07603637032334466 0.4207613885288634 0.03657392860916305 0.347044140487158 0.04766186454892759 -0.1557870863260445 -0.3450449214066832 0.07965275772015756 -0.4829332471856067 0.1311576444515558 0.3224299389208036 -0.590004435860323 0.4315677994488834 0.05106905364064969 -0.323791905623925 0.596037064078369 0.1662634678633034 -0.4596973632957148 0.3919636990463475 0.6448995286698121 -0.2317234136126284 -0.04186662493010161 0.6860206851634514 -0.01847972888109631 -0.1222758910992177
-0 0.01876199026647728 -0.1026357501712149 0.0374682719033294 -0.1598566692525639 -0.0009831592034043974 0.03657392860916306 0.6918632360758461 0.02656164916394206 -0.1616151826766934 -0.1486076652884251 0.1031055428497952 0.4045171383836715 -0.2699024830783404 0.01939770583743887 0.1774352171041306 -0.341125597830172 -0.08204997767494589 -0.04101225266026393 0.07373123253605093 -0.469730369511799 1.2077681985117 0.4200555583772077 0.4860649201842652 0.8027782711408169 0.3736290125365129 -0.5296682134345148 0.1742477778463721 0.2495517153174458 -0.3259887836528755
0 0.02275380243673141 -0.03806767808246329 0.03696318339079335 -0.05093716468508751 -0.01307945374721291 0.347044140487158 0.02656164916394208 0.8587676659621457 0.2227198429301952 -0.5225867802416334 -0.4442490204678814 0.7677162355972664 -0.4313570622686714 0.8179711103101988 0.6186912416889579 -0.2279662565523692 0.268602251333741 0.7984309490893254 -0.1525833713261246 1.063758162763945 0.6477443243885034 -0.6812186453317065 0.7488849182857671 1.711027921293176 -0.4983903832800989 0.0829808497143944 0.6250959070639357 -0.04407256317731365 0.1456531588435407
-0 0.03201649934393754 0.01222337754680236 0.05216011187103622 -0.01058749107089204 -0.01987776372871183 0.04766186454892758 -0.1616151826766934 0.2227198429301952 0.9312558820660378 0.1626949870779407 0.1412683856756364 0.2582355465083095 -0.1017759066020654 0.2526305945294433 0.03489404476934994 0.2658896167070734 0.174343668052319 0.2531539281115952 -1.058923648243534 -0.4988196666943315 0.4188901802871356 -0.5670655893975455 0.6588910269593439 0.4955882709042312 -0.3991456278071239 0.5378993515593352 -0.2748079135807941 0.9568001894782978 0.7792216825272302
-0 -0.02399367989161155 0.09833719528426603 -0.00527044699505676 0.2715340587333645 0.07285653918169085 -0.1557870863260444 -0.1486076652884251 -0.5225867802416337 0.1626949870779406 1.040780803286173 0.7170906800137975 -0.3723487486126763 0.1633378919389156 -0.8252616953412022 -0.5455644487804346 0.3737025463381414 -0.1478933692004891 -0.2425561719990541 -0.2942627059296777 -1.205555569219039 -0.3192883500164262 -0.4186107881182587 1.040915731928975 -1.041415778771503 -0.8291811325980082 0.5217056826579333 -0.9680295427426258 0.782425859380888 1.471763823482436
-0 -0.02076446484226945 0.03067958133988774 -0.008227025903586264 0.232785388965074 0.2271975307614047 -0.345044921406683 0.1031055428497952 -0.4442490204678813 0.1412683856756364 0.7170906800137972 1.65005667388759 -0.4984676098578145 0.4118096849225063 -1.080001982562306 -0.8090911192223379 1.15163526515524 -0.7676058012356615 0.4259065379462266 -0.3428568402390195 -1.816050166487591 -0.234209113784469 1.004582750923622 0.7511061942462323 -0.6216018602219834 -0.1485454972843364 0.9983538836542628 -1.116814722643286 0.984156780320313 1.959064651536806
-0 0.007487784693035087 -0.01681629927790138 -0.05745412606180705 -0.04712428730920133 -0.09137853685201143 0.07965275772015758 0.4045171383836716 0.7677162355972662 0.2582355465083094 -0.3723487486126765 -0.4984676098578145 1.971716563505868 -0.6715131207178303 1.003017430064447 0.7271873229551838 0.07127934853373476 -0.04515104216367737 0.7465886387943594 0.1489480747580908 0.1997146256985043 2.413948997940618 -1.245244939556739 2.074965498975289 1.931721521004677 -1.373550438788059 -0.897516555962199 -0.2079988878239815 0.5409338590717914 0.5402646889483255
0 -0.02332645363033517 -0.02278581572226211 -0.0557743848696045 0.1844252638073531 -0.1161307451197244 -0.4829332471856068 -0.2699024830783404 -0.4313570622686715 -0.1017759066020654 0.1633378919389157 0.4118096849225064 -0.6715131207178302 1.67515383003602 0.3131942594128428 -0.4238783180716508 0.8970449517938239 -0.1149338579695631 0.117756279225597 0.791356374286925 -0.3303516372348336 -1.298922440855318 0.8088644681896806 -1.336651091342251 -1.389253826559157 0.1096590204506526 -0.5489504058654922 -1.318954035732719 -0.860000714147243 1.081883757744789
0 0.05334261398208737 -0.1791376730337409 -0.01681835212850594 -0.0840313467890834 -0.3531621727579222 0.1311576444515557 0.01939770583743885 0.8179711103101986 0.2526305945294434 -0.8252616953412025 -1.080001982562306 1.003017430064448 0.3131942594128429 2.936102534583691 1.294946487341927 -0.5271647170360397 0.9039357341010976 1.930526831271084 0.9225308088045743 1.320417653621626 0.6917969632463892 -1.566291775100322 0.3295537231003435 1.984111463465651 -1.231848951903187 -0.5435949156077937 -0.5262203508467848 -0.2818667914243047 -1.047246766136562
0 0.04803708907195366 -0.09223051268105575 0.009239165385179845 -0.08238032589577732 -0.04625430274606138 0.3224299389208035 0.1774352171041306 0.6186912416889579 0.03489404476934996 -0.5455644487804348 -0.8090911192223379 0.7271873229551838 -0.4238783180716509 1.294946487341926 1.850729550743193 -0.8533467154144764 0.8124181066562073 0.1866793894259143 0.4534457123964462 0.704698334151775 1.386640769189316 -1.612477205085688 0.7949011256184758 2.411223748712957 -0.7076531460761896 -0.9453504131996929 1.199552028688946 -0.9043098658541505 -1.437186667051374
-0 -0.0574581733969391 0.09134394688149806 -0.131462672568993 0.3337949198858275 0.1615383358894105 -0.590004435860323 -0.3411255978301719 -0.2279662565523692 0.2658896167070735 0.3737025463381412 1.15163526515524 0.07127934853373477 0.8970449517938243 -0.5271647170360398 -0.8533467154144763 2.65744308993762 -1.132580646493148 0.7269890825157839 0.473603917002105 -1.403934841182481 -0.1694370762851644 0.5772126249666027 0.3961241862084182 -1.248869591229575 -0.8368479648117854 -0.4091181332531438 -1.957062444326362 -0.1924026120549107 2.657066356741087
0 0.03295798643533181 0.02298383938332303 0.04615009766685565 -0.1173692124828622 0.2291284557979787 0.4315677994488834 -0.08204997767494586 0.2686022513337412 0.174343668052319 -0.1478933692004891 -0.7676058012356617 -0.04515104216367729 -0.1149338579695631 0.9039357341010977 0.812418106656207 -1.132580646493148 2.716962327038726 -0.7350268021082392 -0.4779331766067355 0.8561030502092222 0.184391833288881 -0.5017919629782235 -0.5874791563214611 1.224898029840308 -0.5674254166313006 -0.9509236625768948 1.159139834139126 -0.1202375014394546 -1.773197817704915
0 0.0121718297160159 -0.143036189671567 -0.09583593968045838 0.329177719489274 -0.08675023715315744 0.05106905364064967 -0.04101225266026391 0.7984309490893254 0.2531539281115952 -0.242556171999054 0.4259065379462266 0.7465886387943593 0.117756279225597 1.930526831271085 0.1866793894259142 0.726989082515784 -0.7350268021082392 4.405958755453569 0.6046508405704799 -0.1793653783792307 0.269097011559792 -0.780133419083947 1.787806691551423 1.302147416382357 -1.93000583762287 0.989485215884553 -3.157482834629245 1.276065114892876 2.922221258941628
0 -0.001842052022814471 -0.1212331752792759 -0.06837197093444196 0.191512057808544 -0.1288663424717109 -0.323791905623925 0.07373123253605093 -0.1525833713261248 -1.058923648243534 -0.2942627059296776 -0.3428568402390197 0.1489480747580908 0.791356374286925 0.9225308088045744 0.4534457123964463 0.4736039170021048 -0.4779331766067357 0.60465084057048 3.423026561359726 0.3080508483980989 -0.1951691399227067 0.4219458116581958 0.06794764016373607 0.648066989155728 -0.4362109857156131 -1.030431515026657 -0.7278846688169849 -2.375274771161036 -0.5391446591162231
0 0.003475533016687718 0.0154570600117727 0.09631069426136375 -0.2641421096094693 -0.4541998258116479 0.5960370640783691 -0.469730369511799 1.063758162763944 -0.4988196666943318 -1.205555569219039 -1.816050166487591 0.1997146256985044 -0.3303516372348335 1.320417653621626 0.7046983341517747 -1.403934841182481 0.8561030502092222 -0.1793653783792308 0.3080508483980989 4.866376858108469 -1.413495703004509 -0.9831973308030557 -1.321634506428488 0.7958566428054379 0.1590087513368441 0.05426492910460345 3.090264040629931 -2.748088265850197 -2.170051796105065
-0 0.04043856822912645 -0.1285475392098502 -0.06217942910923701 -0.1992478472627133 0.17859058377677 0.1662634678633034 1.2077681985117 0.6477443243885033 0.4188901802871358 -0.3192883500164262 -0.2342091137844692 2.413948997940619 -1.298922440855318 0.6917969632463893 1.386640769189316 -0.1694370762851645 0.184391833288881 0.2690970115597921 -0.1951691399227067 -1.41349570300451 5.138860363787407 -1.182992494296029 3.075513324844945 3.603088210306535 -1.657030960050284 -1.813004488430698 0.2602025959246383 1.399731110001926 -0.2299494327661195
-0 0.01124282770487704 -0.0844696313478778 -0.07880159209967609 -0.1793443930483661 0.2906219132747127 -0.4596973632957149 0.4200555583772078 -0.6812186453317067 -0.5670655893975455 -0.4186107881182587 1.004582750923622 -1.245244939556739 0.8088644681896807 -1.566291775100322 -1.612477205085688 0.5772126249666027 -0.5017919629782237 -0.780133419083947 0.4219458116581958 -0.9831973308030557 -1.182992494296029 5.449249854891203 -3.148278807176184 -0.7082568199303737 3.593943570675729 0.602806241007685 0.004766368076613242 -0.1660739450462118 -0.05296462619246209
-0 0.02687564571027085 0.02850192445758966 0.1437484697173844 0.4183465281973605 0.02443955302490531 0.3919636990463476 0.4860649201842651 0.7488849182857671 0.6588910269593438 1.040915731928975 0.7511061942462325 2.07496549897529 -1.336651091342251 0.3295537231003436 0.794901125618476 0.3961241862084182 -0.587479156321461 1.787806691551423 0.06794764016373613 -1.321634506428488 3.075513324844945 -3.148278807176184 6.693796093901322 2.8451663894211 -3.685978476815216 0.5211382142322446 -1.044281602795334 1.056210224519009 3.861943177184507
-0 0.1619414672505569 -0.2617636980869713 0.1145366394077162 -0.2075980428428128 0.1387612336349018 0.6448995286698121 0.8027782711408168 1.711027921293177 0.4955882709042312 -1.041415778771503 -0.6216018602219833 1.931721521004677 -1.389253826559157 1.984111463465651 2.411223748712956 -1.248869591229575 1.224898029840308 1.302147416382357 0.6480669891557284 0.7958566428054379 3.603088210306536 -0.7082568199303735 2.845166389421101 7.490610573177764 -0.6847529437892625 0.5402111814352732 2.055763109751584 0.07438490642037665 -1.868166234745299
-0 0.07559572033796333 -0.1053314725109621 0.08534135562104793 -0.5974498215399202 -0.1973321919870516 -0.2317234136126284 0.3736290125365128 -0.498390383280099 -0.3991456278071239 -0.8291811325980081 -0.1485454972843363 -1.373550438788059 0.1096590204506527 -1.231848951903187 -0.7076531460761898 -0.8368479648117858 -0.5674254166313005 -1.930005837622869 -0.436210985715613 0.1590087513368441 -1.657030960050284 3.593943570675727 -3.685978476815217 -0.6847529437892621 5.92854220322905 1.247683428596436 2.083342309234356 -0.9600202536053537 -3.10047794528243
0 0.0816195939380307 0.01391701993480806 0.04178964003807573 0.198111228197433 -0.1541576899820172 -0.04186662493010163 -0.5296682134345145 0.0829808497143944 0.5378993515593351 0.5217056826579334 0.9983538836542633 -0.8975165559621989 -0.548950405865492 -0.5435949156077936 -0.9453504131996929 -0.4091181332531439 -0.9509236625768946 0.9894852158845532 -1.030431515026657 0.05426492910460362 -1.813004488430697 0.602806241007685 0.5211382142322446 0.5402111814352734 1.247683428596436 6.431406737813072 0.9627711705115233 3.10488799821849 -0.3225044827550689
0 0.05163152362098396 0.006878707801902793 0.1965518977530591 -0.6357814108868406 -0.08027763539859406 0.6860206851634513 0.1742477778463722 0.6250959070639359 -0.2748079135807941 -0.9680295427426259 -1.116814722643286 -0.2079988878239815 -1.318954035732718 -0.5262203508467848 1.199552028688946 -1.957062444326362 1.159139834139126 -3.157482834629245 -0.727884668816985 3.090264040629931 0.2602025959246383 0.004766368076613235 -1.044281602795334 2.055763109751583 2.083342309234357 0.9627711705115232 6.958928181435621 -2.224333730989144 -5.217685630249356
-0 0.006438456299283115 -0.006471919490766696 -0.1692306902458472 0.1628510994703703 0.4788012764510128 -0.01847972888109631 0.2495517153174459 -0.04407256317731363 0.9568001894782976 0.7824258593808882 0.9841567803203131 0.5409338590717914 -0.8600007141472433 -0.2818667914243045 -0.9043098658541504 -0.1924026120549107 -0.1202375014394546 1.276065114892876 -2.375274771161036 -2.748088265850197 1.399731110001926 -0.1660739450462118 1.056210224519009 0.07438490642037666 -0.9600202536053538 3.10488799821849 -2.224333730989144 7.834929806606484 0.8673644238916518
-0 -0.07334053868904697 0.1759077970116496 -0.03713854680785696 1.008756400726502 0.1742393113998328 -0.1222758910992177 -0.3259887836528755 0.1456531588435407 0.7792216825272303 1.471763823482436 1.959064651536806 0.5402646889483254 1.081883757744789 -1.047246766136562 -1.437186667051374 2.657066356741087 -1.773197817704915 2.922221258941629 -0.5391446591162231 -2.170051796105065 -0.2299494327661193 -0.0529646261924622 3.861943177184506 -1.868166234745299 -3.100477945282429 -0.3225044827550685 -5.217685630249357 0.8673644238916518 11.27523119828778


